image: hospital_world.pgm
resolution: 0.050000
origin: [-28.300000, -14.80000, 0.000000]
negate: 0
occupied_thresh: 0.65
free_thresh: 0.196

